1.99999
1.99999
1.99999
1.99999
1.99999
1.99999
1.99999
1.99999
1.99999
1.99999
1.99999
1.99999
1.99999
1.99999
1.99999
1.99999
1.99999
1.99999
1.99999
1.99999
1.99999
1.99999
1.99999
1.99999
1.99999
1.99999
1.99999
1.99999
1.99999
1.99999
1.99998
1.99694
1.94208
1.80734
1.69729
1.62791
1.58304
1.55631
1.54936
1.54549
1.54608
1.55054
1.55331
1.55267
1.55121
1.55109
1.55407
1.55617
1.55648
1.55392
1.5508
1.54467
1.52434
1.48251
1.42072
1.35316
1.29808
1.27769
1.27568
1.27442
1.26654
1.26359
1.26512
1.27303
1.27607
1.27467
1.26676
1.26508
1.26935
1.27725
1.27309
1.17893
1.01685
1.00002
0.999995
0.999995
0.999995
0.999995
0.999995
0.999995
0.999995
0.999995
0.999995
0.999995
0.999995
0.999995
0.999995
0.999995
0.999995
0.999995
0.999995
0.999995
0.999995
0.999995
0.999995
0.999995
0.999995
0.999995
0.999995
0.999995