200000
200000
200000
200000
200000
200000
200000
200000
200000
200000
200000
200000
200000
200000
200000
200000
200000
200000
200000
200000
200000
200000
200000
200000
200000
200000
200000
200000
200000
200000
199999
199576
191964
173500
158825
149780
144023
140628
139749
139257
139328
139889
140247
140183
140018
139993
140306
140464
140421
140048
139879
140033
140187
140414
140564
140235
139199
139864
140867
140963
139810
139248
139396
140525
140967
140740
139526
139275
139938
141156
140498
126201
102439
100004
100000
100000
100000
100000
100000
100000
100000
100000
100000
100000
100000
100000
100000
100000
100000
100000
100000
100000
100000
100000
100000
100000
100000
100000
100000
100000
