348.31
348.31
348.31
348.31
348.31
348.31
348.31
348.31
348.31
348.31
348.31
348.31
348.31
348.31
348.31
348.31
348.31
348.31
348.31
348.31
348.31
348.31
348.31
348.31
348.31
348.31
348.31
348.31
348.31
348.31
348.309
348.102
344.285
334.367
325.931
320.471
316.886
314.732
314.166
313.845
313.885
314.243
314.486
314.472
314.395
314.364
314.462
314.392
314.234
313.915
314.167
315.76
320.326
329.898
344.612
360.968
373.505
381.28
384.617
385.263
384.489
383.837
383.778
384.485
384.775
384.578
383.639
383.457
383.989
384.934
384.391
372.852
350.889
348.314
348.31
348.31
348.31
348.31
348.31
348.31
348.31
348.31
348.31
348.31
348.31
348.31
348.31
348.31
348.31
348.31
348.31
348.31
348.31
348.31
348.31
348.31
348.31
348.31
348.31
348.31