-1.36E-13
-1.35E-13
-1.28E-13
-1.60E-13
-1.95E-13
-1.84E-13
-1.21E-13
-1.54E-13
-1.60E-13
-1.33E-13
-1.44E-13
-1.22E-13
-7.50E-14
-5.08E-14
-1.21E-13
-1.44E-13
-1.78E-13
-1.46E-13
-7.50E-14
-4.85E-14
-8.08E-30
4.62E-14
-3.64E-14
-1.09E-13
-1.21E-13
-6.06E-14
0
3.64E-14
2.30E-13
2.94E-08
0.00137386
0.567267
10.9065
37.4897
60.5309
75.6444
85.8688
91.395
94.2385
94.1824
93.797
92.7891
92.9172
93.2132
92.9675
92.51
91.8813
92.2792
92.9711
93.1937
92.9188
92.2111
92.2978
92.675
93.3607
92.8395
90.9239
91.9705
94.3098
94.1961
91.9116
90.7532
91.0886
93.3467
94.2178
93.773
91.3391
90.8289
92.1701
94.5861
93.4081
63.7219
6.47109
0.00954491
2.59E-08
-3.64E-14
-7.05E-14
-2.43E-14
-1.44E-14
-3.64E-14
-1.33E-14
-4.62E-14
-2.31E-14
-2.43E-14
-4.85E-14
-2.43E-14
-3.64E-14
1.21E-14
0
0
1.21E-14
-2.43E-14
-1.33E-14
2.54E-14
4.85E-14
5.84E-14
7.28E-14
3.64E-14
2.27E-15
2.88E-14
